x = [7 1 8 2]

x =

     7     1     8     2

p = [-2 3 -1]

p =

    -2     3    -1

polyval(p,x)

ans =

   -78     0  -105    -3


