x = [7 1 8 2]

x =

     7     1     8     2

p = -1+3*x-2*x.^2

p =

   -78     0  -105    -3
